100 100
806 41 19 495 574 812 83 648 777 509 742 723 628 315 526 485 834 182 490 397 601 514 647 341 829 113 423 119 706 68 486 574 185 997 392 695 410 220 920 343 76 336 828 517 251 458 348 693 730 395 530 393 705 106 862 853 23 170 537 892 938 439 9 718 337 713 511 602 697 524 166 950 145 682 733 356 679 482 571 78 675 503 334 580 349 392 14 892 26 129 793 679 294 79 544 485 512 636 736 600
199 311 917 42 644 637 704 865 564 236 773 695 564 347 736 792 646 494 762 522 467 809 117 937 390 492 520 287 923 557 514 275 749 532 167 63 687 752 235 618 668 558 134 608 137 345 930 260 749 32 484 163 924 553 101 418 246 707 224 838 405 286 877 475 117 132 278 279 374 402 616 622 506 11 569 109 909 210 777 179 110 715 172 385 188 244 697 260 621 373 354 622 293 745 214 815 492 810 96 273
504 721 420 573 447 709 301 533 835 127 62 81 287 784 87 972 453 239 60 173 175 923 689 11 588 242 823 890 28 910 452 392 385 380 132 409 416 547 233 481 572 305 558 768 918 5 84 650 73 601 97 310 644 102 348 492 820 363 175 367 543 207 980 899 749 588 111 422 634 460 656 748 414 38 226 196 534 291 678 19 746 713 282 413 407 645 423 367 555 470 950 663 439 361 665 252 590 223 524 793
777 617 532 473 122 670 505 1 27 763 904 965 907 816 225 570 215 225 96 186 830 444 422 865 197 76 834 917 717 110 714 696 950 650 445 265 837 62 317 424 769 925 477 123 988 407 523 196 617 88 917 26 288 592 612 97 847 256 201 127 721 212 34 170 378 15 833 789 787 567 133 823 688 349 266 512 991 718 876 913 654 590 529 176 898 930 818 910 876 2 704 360 988 754 911 150 175 475 169 354
369 548 599 752 270 272 866 796 877 619 488 160 472 190 486 442 544 203 992 743 870 856 156 319 369 381 459 79 379 264 558 132 627 168 755 271 641 326 300 555 691 456 699 69 232 176 572 76 904 786 779 403 745 667 527 847 617 76 362 297 235 412 582 953 89 680 538 669 96 360 613 485 493 877 566 20 923 4 952 14 968 823 549 428 839 897 242 49 862 553 679 384 6 58 990 62 719 83 747 957
236 491 346 872 933 475 870 804 477 137 746 262 127 325 899 265 166 175 307 395 451 565 969 369 212 710 623 566 508 805 120 961 425 888 662 263 797 309 876 824 970 393 390 245 162 104 920 154 14 668 567 793 425 142 844 518 883 224 973 430 694 432 676 163 898 864 824 705 708 49 739 842 463 161 759 170 570 133 106 162 826 970 147 314 650 127 743 548 84 628 566 920 492 416 892 734 885 238 236 141
996 681 455 890 338 654 926 805 637 306 132 40 962 816 768 168 305 957 113 440 681 542 544 205 938 631 750 851 556 823 787 165 408 301 585 804 211 553 557 878 569 331 143 758 859 874 48 302 863 54 431 172 51 879 442 980 26 515 411 207 15 500 364 745 742 134 73 498 204 849 409 21 214 546 971 858 70 218 366 335 66 886 177 648 880 946 515 420 735 942 835 409 777 208 37 763 739 121 129 578
780 943 183 823 537 775 692 998 825 908 61 520 1 151 333 769 793 701 350 193 279 115 580 800 777 28 393 915 278 658 991 799 999 852 771 77 749 30 902 13 342 382 604 329 567 752 532 180 764 160 990 871 399 448 226 407 235 345 34 752 761 784 40 495 494 811 2 766 697 951 964 51 53 491 738 394 242 384 703 532 645 125 589 208 208 428 792 882 559 909 715 85 688 747 214 378 806 318 255 886
27 757 251 675 989 377 395 506 438 393 273 393 7 658 685 709 907 274 129 585 5 142 609 72 686 86 830 103 701 841 384 879 864 678 959 327 327 640 849 546 363 260 363 409 853 947 543 604 92 172 818 320 349 716 24 813 551 962 522 386 342 592 562 90 549 552 516 523 423 501 783 16 274 924 462 388 495 64 680 39 931 491 815 853 209 525 561 729 651 710 781 499 730 559 947 595 725 405 777 561
810 88 489 147 173 145 111 733 128 83 952 658 923 748 777 425 974 345 23 162 858 141 765 434 18 436 782 562 505 544 143 978 484 328 809 641 612 734 664 2 451 950 117 994 732 417 509 633 139 712 603 149 827 749 234 577 932 833 577 204 848 832 301 120 245 321 731 216 774 893 157 869 339 60 554 917 265 52 89 580 327 235 178 680 12 864 168 278 247 45 637 259 232 595 625 300 643 627 700 458
774 143 849 858 503 560 14 668 443 661 884 917 782 938 71 747 421 535 461 33 118 922 301 877 187 788 219 720 222 722 732 66 457 324 692 327 31 57 320 313 83 209 464 747 118 116 698 633 159 238 975 494 978 84 539 202 411 963 809 271 581 58 729 834 602 696 625 217 788 535 630 749 1 702 96 686 211 473 10 747 264 506 443 492 227 944 479 377 19 622 819 625 136 223 281 633 554 289 352 837
564 985 684 57 669 234 62 653 32 23 864 854 436 184 788 959 162 543 439 852 175 150 718 933 404 567 199 960 335 517 749 125 709 636 913 632 162 568 504 874 311 711 989 389 873 544 642 96 493 336 737 456 698 383 39 535 35 115 641 654 507 456 109 91 810 5 578 593 230 448 790 654 342 605 216 771 405 719 977 475 324 97 476 934 401 625 197 140 866 574 460 451 183 818 278 838 634 76 0 582
350 180 102 906 603 2 6 348 770 22 569 976 452 860 949 569 645 206 918 760 931 60 946 54 635 98 129 182 343 891 362 222 254 41 774 2 887 411 186 639 599 267 717 452 998 126 604 439 881 864 398 478 233 964 972 715 935 630 315 850 791 405 375 661 595 612 498 569 87 688 238 382 653 659 514 996 26 649 685 630 596 456 44 905 751 778 272 83 74 540 301 556 19 109 94 120 26 758 193 726
87 781 607 759 443 804 771 612 602 599 442 635 837 214 753 152 107 591 70 801 49 145 867 371 298 883 393 964 49 628 591 911 438 782 642 788 365 190 346 776 805 482 583 467 65 477 558 836 55 871 848 844 383 588 970 433 898 462 734 695 387 592 18 77 530 102 221 915 356 317 875 742 767 874 398 622 792 674 178 974 754 745 61 969 581 636 379 303 186 888 262 891 248 983 342 516 67 346 412 891
882 200 20 276 177 910 477 448 93 602 304 225 802 244 447 382 61 556 425 483 641 266 355 249 28 954 610 395 780 33 556 233 360 327 31 259 422 84 693 157 293 91 871 820 868 567 809 531 449 997 199 983 562 570 805 950 827 1 782 438 161 791 588 77 883 282 912 641 115 479 854 92 960 373 617 354 132 423 681 988 874 318 654 781 910 960 580 124 495 465 360 215 528 917 258 873 96 450 115 774
771 220 79 337 736 982 425 925 799 733 454 921 51 124 696 895 428 960 145 606 181 38 393 566 538 15 370 558 197 730 264 268 984 69 814 600 392 909 808 981 627 510 383 551 656 48 836 425 229 388 855 471 658 119 408 673 358 547 56 654 841 322 273 650 820 293 593 965 128 152 773 217 858 453 907 758 928 729 621 423 873 843 667 998 199 826 729 263 838 424 385 171 162 54 679 420 24 568 450 861
664 905 949 445 339 42 88 900 905 504 143 157 222 231 258 644 922 170 679 131 792 588 722 25 75 627 53 154 172 515 518 630 650 515 475 743 712 249 399 582 380 374 586 714 926 594 850 548 129 218 372 177 11 354 448 439 95 565 805 534 605 905 938 692 714 613 386 437 482 704 759 598 33 483 521 96 688 714 408 70 791 888 814 656 909 209 797 717 589 879 238 958 246 129 679 242 850 830 675 254
251 310 222 398 414 139 530 368 445 321 97 938 760 192 652 956 738 845 772 417 608 223 546 669 513 923 804 5 472 153 7 487 793 382 576 976 387 5 176 913 348 330 770 198 657 785 479 323 478 590 74 126 319 693 198 514 714 759 520 859 442 305 658 585 231 269 464 883 516 43 920 589 335 145 986 854 881 518 952 510 104 385 102 984 103 445 472 984 487 684 522 159 341 641 305 629 191 261 499 233
89 418 612 113 929 415 462 254 826 525 666 90 128 703 807 312 799 507 463 6 131 112 442 583 645 858 33 826 15 777 488 838 692 584 806 946 279 35 651 913 44 14 2 960 173 268 694 834 670 336 21 175 517 183 351 770 415 998 851 205 464 114 479 665 756 58 241 625 769 85 489 135 108 717 151 867 70 857 9 54 304 433 707 438 311 833 993 580 544 578 42 464 273 992 391 352 786 218 324 249
283 260 470 566 299 261 60 551 416 941 191 3 639 567 936 133 321 69 633 76 348 923 366 877 34 350 153 885 503 713 450 612 542 86 945 282 582 168 139 571 281 200 795 330 280 1 651 328 461 337 17 120 356 103 524 917 185 443 684 758 329 564 422 636 630 297 188 996 812 836 296 272 500 164 61 934 294 478 576 938 616 879 23 84 263 783 392 66 815 985 910 748 264 436 415 833 573 19 426 303
184 331 263 568 593 819 878 415 807 342 864 623 901 782 556 175 806 528 599 776 41 478 981 589 414 897 339 651 757 492 90 949 599 137 566 477 882 822 453 548 163 137 518 143 625 723 924 554 341 63 471 669 877 465 48 514 140 369 562 766 204 738 177 806 321 592 636 399 73 619 749 743 472 381 464 389 304 777 774 821 988 218 881 769 511 773 729 686 557 406 435 82 117 627 281 906 899 766 554 593
97 882 517 251 882 674 473 998 869 149 814 180 303 92 672 305 244 26 979 882 897 907 149 657 483 140 700 360 662 474 872 672 310 305 581 861 446 237 968 388 805 738 457 465 811 964 387 483 803 730 704 604 873 487 836 251 686 99 848 524 781 671 496 220 784 692 730 64 80 785 525 45 312 833 95 985 609 760 310 221 992 318 192 907 890 94 570 362 197 7 699 104 600 100 455 239 268 100 296 299
346 94 911 675 487 85 679 717 75 947 675 951 603 927 421 887 49 837 690 1 834 732 471 405 765 871 66 19 548 941 72 299 215 756 556 242 536 444 749 236 145 166 446 176 739 951 373 539 370 843 186 37 591 956 549 681 591 965 803 197 37 267 416 746 246 129 726 690 136 592 788 194 83 690 388 438 175 313 393 282 276 666 407 821 997 766 1 791 46 430 378 504 882 514 362 42 785 600 456 670
363 534 114 596 66 806 997 334 51 71 829 991 48 753 572 643 289 467 157 837 418 939 535 999 614 823 20 611 817 204 993 635 809 672 423 867 981 481 76 286 589 288 302 80 664 639 506 309 590 791 694 124 588 616 531 264 690 436 64 758 522 999 911 784 763 712 447 443 174 178 572 280 851 545 192 643 8 612 565 193 97 867 26 790 137 865 985 368 793 421 947 63 533 684 734 847 927 745 145 892
542 530 450 952 970 885 601 963 186 910 669 202 63 79 158 917 79 47 35 345 530 589 525 342 604 586 387 690 645 491 302 149 111 123 357 189 748 162 254 205 251 63 920 709 356 162 179 823 41 210 975 564 208 296 79 910 466 386 450 593 53 332 815 626 775 336 414 383 272 485 589 40 751 473 449 445 508 468 859 750 222 475 316 549 460 153 869 765 334 180 89 698 349 723 294 308 7 157 151 25
929 97 846 491 129 349 579 594 786 832 602 537 304 878 116 839 341 431 994 20 590 463 383 341 666 804 71 519 532 274 359 444 633 31 363 13 541 385 715 945 558 777 645 22 52 765 346 261 805 759 652 89 108 215 956 486 328 425 662 500 162 516 770 749 953 736 287 342 135 221 708 815 70 363 312 624 256 543 894 358 599 734 530 560 457 883 263 235 810 877 623 19 256 241 483 993 447 877 284 678
683 781 966 703 743 825 622 11 534 386 643 137 168 46 403 424 27 734 835 364 358 170 798 193 3 652 370 51 483 822 862 597 987 392 676 11 573 372 446 495 62 538 630 813 394 484 781 472 731 767 493 90 265 149 656 757 33 478 21 870 45 648 535 375 389 42 469 756 884 941 87 886 409 923 251 955 341 431 479 605 706 950 829 210 826 947 846 383 422 428 80 841 621 606 488 360 197 394 650 597
267 511 385 235 755 731 444 275 8 213 258 28 868 242 585 82 537 854 885 180 316 42 633 856 422 836 22 55 11 49 994 235 366 488 497 33 916 17 829 837 852 73 339 791 271 812 186 59 93 599 645 361 229 73 803 924 262 386 122 230 51 410 480 293 104 601 631 947 975 699 165 902 522 384 91 278 936 273 12 256 201 107 245 810 699 54 584 634 90 618 591 39 280 80 672 482 20 76 83 574
480 442 772 43 305 887 753 624 55 97 986 756 330 129 517 781 766 130 381 957 795 196 960 243 118 326 288 205 876 179 199 721 67 19 651 563 526 567 189 89 622 77 176 258 24 546 6 300 55 883 162 450 788 947 53 623 956 132 758 673 449 686 507 736 269 262 688 79 377 110 796 379 168 689 192 670 607 57 287 113 281 848 850 336 936 220 763 136 380 887 769 354 130 935 774 857 757 545 342 488
498 568 9 443 400 486 895 131 715 207 504 744 279 560 597 845 198 206 281 37 888 825 161 635 11 246 444 545 450 95 562 7 194 297 374 309 602 335 247 882 738 477 329 240 753 295 431 52 788 840 734 626 147 371 607 414 758 692 574 866 825 750 332 465 852 391 894 824 197 321 562 907 739 990 124 893 34 58 110 554 140 450 481 436 810 378 482 364 764 285 177 236 753 843 632 820 569 379 43 256
344 34 735 41 787 248 171 146 98 6 384 463 650 566 853 368 735 899 735 37 499 702 143 517 619 261 458 953 716 571 331 316 108 780 548 181 452 503 75 56 418 170 202 239 474 728 832 277 2 327 151 174 671 217 375 451 588 841 781 361 606 521 579 828 333 643 727 700 675 789 77 893 92 440 831 138 88 761 758 545 43 56 811 536 157 867 55 213 605 200 819 132 158 994 319 773 351 135 501 572
591 603 902 82 905 722 494 863 691 617 695 87 482 835 14 880 338 925 282 917 104 28 693 122 296 821 740 208 409 0 145 193 266 608 219 77 386 174 597 687 161 201 492 207 460 226 747 471 72 494 2 561 372 170 737 207 404 486 765 279 40 149 701 756 78 7 641 706 717 309 372 215 545 526 663 410 735 369 601 144 465 205 241 218 525 538 351 490 722 293 99 80 774 699 921 942 928 130 752 533
74 561 207 966 442 979 190 842 910 986 815 69 518 505 503 968 58 475 750 705 408 754 617 551 114 961 460 855 361 160 620 365 917 448 383 921 53 823 905 5 92 406 826 356 51 708 648 495 205 572 59 79 89 777 44 973 757 351 932 375 762 162 148 420 828 297 432 123 192 324 150 45 66 17 548 107 740 559 471 845 725 709 867 848 962 500 668 977 793 122 784 599 863 540 783 635 24 508 903 57
424 652 164 241 327 806 730 11 847 772 436 664 632 603 574 936 268 921 868 354 995 424 440 490 433 272 493 743 170 231 313 114 582 415 42 264 344 140 180 641 419 609 741 638 394 176 695 934 148 93 924 552 662 161 271 818 447 0 996 615 360 715 756 35 325 602 775 616 848 395 337 106 853 462 799 77 689 253 934 800 226 787 977 865 835 85 493 809 425 409 559 129 131 185 93 417 342 899 540 80
850 468 880 404 35 397 477 73 167 80 421 220 80 260 132 350 434 349 714 529 65 740 727 317 422 14 151 647 505 145 180 672 265 638 847 177 76 791 134 779 673 295 8 111 641 742 798 857 773 241 453 703 158 82 377 418 436 282 511 978 494 676 770 632 696 89 86 112 308 96 133 868 543 784 791 32 896 79 223 183 131 734 313 609 438 287 601 516 678 96 255 370 760 343 742 819 798 767 994 475
659 520 271 406 174 615 429 16 951 478 639 971 711 209 855 108 786 73 310 940 763 67 104 825 326 573 230 776 805 731 180 455 922 948 712 502 790 551 648 633 755 765 875 723 204 471 67 563 456 530 515 809 86 747 354 331 531 218 686 57 180 94 727 768 732 911 298 47 503 734 849 516 810 277 206 953 177 54 463 122 201 322 64 824 791 962 244 37 78 63 194 763 625 999 384 108 233 161 842 107
710 792 827 528 397 299 929 609 696 434 485 699 7 356 553 900 406 362 672 233 428 190 77 623 505 367 909 80 312 872 156 193 77 191 465 647 798 368 322 126 925 221 987 762 403 293 71 10 760 148 627 568 168 370 136 682 47 913 493 657 874 589 140 351 125 162 489 419 700 408 107 265 739 418 268 659 929 335 204 976 599 603 362 726 713 369 321 272 152 3 827 613 34 757 315 622 260 138 726 308
27 428 94 157 415 91 127 389 572 468 2 650 330 618 318 788 62 336 762 431 224 923 94 813 615 229 627 953 887 954 190 181 865 655 704 434 912 128 223 706 113 867 847 600 914 877 332 638 952 761 731 671 65 378 83 410 532 129 928 877 977 414 727 746 790 214 195 956 426 403 405 348 804 747 668 320 262 56 557 623 731 845 923 498 596 616 703 305 19 567 607 170 658 717 333 721 145 170 921 39
657 323 248 731 297 870 745 167 719 206 995 174 241 574 311 941 906 326 90 660 557 915 368 227 440 386 20 318 780 514 596 960 58 364 916 296 68 695 528 539 424 84 668 48 212 836 583 83 715 505 863 237 25 725 121 455 712 552 582 126 447 292 68 372 618 659 364 519 172 123 959 730 284 914 725 5 489 306 974 63 86 969 611 948 895 145 428 22 224 443 593 161 847 533 145 872 667 329 261 678
834 61 346 307 197 770 496 322 845 192 466 161 796 73 359 507 296 176 985 779 645 512 456 325 377 122 446 604 645 856 577 940 209 1 986 431 166 616 50 977 969 215 813 771 507 753 2 175 911 729 474 765 591 403 790 454 661 248 84 353 237 874 273 235 930 762 517 530 608 740 955 263 79 917 217 428 954 573 372 345 983 241 178 548 515 274 648 281 104 471 276 816 426 371 674 62 94 468 18 377
565 988 282 840 795 126 533 615 830 936 228 751 915 221 923 741 968 389 520 732 784 749 740 97 211 670 695 177 550 654 770 97 327 225 734 501 975 964 421 982 998 913 328 225 647 779 924 332 146 97 307 230 151 623 118 342 186 524 713 876 169 909 692 309 865 502 756 20 249 560 124 726 825 246 931 925 716 231 753 976 809 160 406 554 79 785 611 138 456 697 730 660 348 391 885 929 872 268 103 378
816 803 512 663 625 915 542 549 320 510 571 208 416 533 955 747 605 927 110 488 462 56 827 261 151 719 163 728 76 791 26 368 799 939 557 337 465 483 713 66 387 685 5 609 113 914 247 987 445 53 25 102 550 978 379 99 601 51 201 724 626 566 302 786 795 69 752 885 589 195 421 359 55 693 151 268 419 517 556 115 468 424 587 2 993 276 742 514 310 470 851 949 242 121 58 231 309 899 84 439
75 324 789 676 954 686 291 649 853 626 668 517 855 301 730 288 349 890 936 73 955 679 607 469 341 905 622 641 407 833 460 112 290 838 135 469 897 557 719 164 248 845 621 684 447 371 567 545 235 294 805 870 531 523 342 491 573 191 373 11 933 972 8 721 207 797 555 33 742 135 541 453 450 50 312 395 47 80 642 850 622 52 524 575 145 445 448 329 470 129 954 755 556 755 938 686 881 678 969 166
645 296 181 78 838 963 86 545 630 458 54 126 355 58 165 317 355 697 703 326 166 945 244 322 201 311 143 83 470 619 553 997 752 165 709 959 634 318 135 306 852 838 609 600 51 529 381 276 723 152 896 173 675 618 168 193 99 500 581 481 280 384 728 542 888 734 875 515 817 335 61 362 162 111 449 983 658 387 250 969 410 620 40 100 306 40 875 946 147 489 562 811 410 497 715 190 837 954 781 821
175 907 530 676 553 323 940 166 527 464 156 660 860 303 416 915 703 588 439 858 641 29 978 520 106 872 817 894 80 537 65 94 66 400 417 127 365 383 664 37 688 327 893 293 689 972 493 801 412 720 874 221 226 526 636 693 562 427 283 56 350 60 24 721 493 534 463 918 309 231 164 327 583 470 907 232 119 792 302 413 201 704 312 8 285 739 364 983 255 59 4 648 521 728 81 15 950 981 404 96
141 803 697 163 387 847 504 815 394 168 923 143 81 220 135 334 562 752 356 671 614 848 438 351 671 278 595 300 643 792 763 856 178 216 47 370 54 875 27 840 650 337 874 141 109 439 415 639 56 430 649 209 939 689 233 58 85 540 484 366 894 517 583 134 135 916 917 493 177 7 0 361 163 905 719 257 920 296 677 632 13 525 539 577 463 70 378 231 325 114 781 357 615 257 408 204 346 823 412 917
197 729 326 726 870 739 869 658 565 841 750 399 482 235 312 466 247 484 361 928 439 555 493 210 601 739 658 345 958 120 396 984 848 670 452 352 907 582 506 527 648 306 684 325 345 855 616 847 398 89 949 0 8 814 482 104 307 307 999 770 113 401 732 279 323 827 636 415 615 333 204 673 896 153 391 612 95 657 233 327 784 25 584 830 6 417 670 376 567 493 76 725 543 988 24 628 258 372 702 307
254 879 790 176 899 568 861 611 444 250 78 786 524 610 677 171 261 228 664 351 338 593 189 421 562 469 503 893 444 614 711 137 819 648 237 49 51 212 865 291 80 600 963 74 594 661 545 493 70 177 742 690 424 676 971 638 374 783 443 346 862 935 831 203 485 539 384 507 916 284 190 437 803 410 204 552 165 373 799 926 468 81 393 513 591 696 919 414 335 907 813 601 567 633 406 792 658 938 666 456
288 821 373 474 711 729 457 361 294 919 339 426 298 324 469 317 178 38 389 257 887 225 13 358 19 22 115 705 64 789 219 179 691 465 158 998 262 147 817 93 837 610 74 281 411 958 687 787 436 729 328 67 493 730 334 752 396 393 854 422 999 598 690 962 928 759 971 513 760 645 618 80 755 548 502 266 989 195 972 46 102 166 154 520 391 514 305 790 181 67 299 466 834 140 275 142 610 46 840 730
608 917 319 175 387 402 344 317 857 253 308 538 21 396 864 479 406 182 890 627 959 8 281 771 687 270 373 976 434 849 557 146 118 258 918 698 584 645 215 821 849 82 128 189 539 73 49 129 772 259 393 473 149 205 709 494 457 832 803 476 842 367 847 444 379 111 938 826 576 932 466 660 433 300 762 449 516 345 507 358 66 134 627 644 431 908 891 38 209 910 468 397 888 485 850 277 463 634 543 786
191 583 595 535 144 739 316 341 674 169 904 791 863 965 45 388 568 493 820 531 30 437 560 555 249 167 934 86 492 192 162 193 176 724 615 241 467 831 63 65 174 178 269 126 922 493 518 177 761 415 937 570 709 667 516 724 524 92 721 478 230 757 153 896 871 64 232 405 854 413 106 774 121 990 269 144 233 298 322 880 802 265 173 795 835 44 508 991 22 410 152 744 184 961 899 186 916 489 713 233
436 848 1 594 443 278 210 852 805 789 849 856 8 433 790 896 597 326 312 664 938 602 758 264 139 577 673 151 179 159 566 286 185 258 201 805 956 62 778 439 469 365 844 728 156 889 34 41 962 256 9 981 712 677 206 331 500 670 867 582 921 600 869 390 890 861 932 489 200 294 790 657 758 128 255 15 179 901 905 308 652 188 140 590 575 243 273 30 657 103 775 334 295 328 603 445 31 117 294 511
258 909 787 293 982 674 422 530 487 688 310 188 472 387 438 844 166 343 999 0 232 618 641 319 768 300 429 814 668 795 409 502 813 55 694 371 407 710 874 505 478 210 315 341 374 657 770 332 349 591 165 308 346 951 818 535 249 33 448 368 488 25 776 369 29 898 796 184 572 339 23 967 623 218 467 173 90 737 339 446 128 178 228 479 966 394 78 249 132 947 832 32 9 707 233 639 517 922 765 100
489 776 631 277 914 172 577 2 836 858 665 460 167 172 359 357 52 914 587 608 261 280 223 291 657 995 770 147 877 509 480 303 25 117 920 597 290 26 632 564 617 919 171 334 412 111 146 161 635 304 922 234 846 824 880 930 550 335 772 64 257 154 636 185 718 612 565 102 143 35 211 842 412 893 61 434 752 856 817 567 159 4 909 191 44 565 712 591 605 570 830 261 251 460 769 153 285 563 94 384
216 20 995 567 689 551 208 289 674 143 770 426 907 585 298 798 352 142 687 403 232 342 901 478 136 793 882 13 302 752 340 415 959 382 223 916 897 143 71 289 840 139 716 147 851 764 7 434 480 530 810 392 201 205 379 347 583 707 716 453 591 845 228 679 241 815 944 497 985 744 183 856 802 454 518 997 272 265 856 390 658 118 818 668 652 944 358 185 376 448 505 803 14 860 52 32 115 239 704 400
444 69 294 624 134 966 883 197 582 534 364 79 79 645 828 881 292 547 10 89 579 17 466 624 171 219 855 552 504 62 490 236 444 697 864 850 687 737 611 624 966 898 621 748 706 90 770 161 757 702 648 581 38 855 931 591 651 693 673 613 138 966 947 48 193 655 403 624 508 835 94 736 262 633 238 306 906 61 832 283 504 725 47 238 98 863 329 271 237 598 42 150 366 438 643 979 509 98 535 936
603 625 683 248 502 987 821 494 928 980 850 65 741 48 709 53 582 293 918 570 336 954 650 147 960 937 349 846 730 556 405 715 666 380 79 428 330 625 383 714 825 701 375 563 929 853 932 678 365 668 806 699 941 593 886 62 755 593 190 870 616 690 340 90 433 559 532 760 456 416 499 861 26 915 368 483 532 695 765 200 190 80 545 768 425 497 298 86 566 795 658 468 980 873 715 148 680 703 795 384
179 110 83 775 816 578 984 229 135 153 286 688 563 454 762 361 554 960 14 120 752 264 383 112 74 480 315 397 774 906 202 590 871 581 887 766 499 816 956 838 566 209 356 634 861 429 609 303 228 150 980 526 413 5 789 818 527 900 434 373 138 602 742 23 772 423 836 676 975 416 222 887 774 890 833 721 331 341 517 121 828 730 690 41 995 600 210 162 404 678 552 99 779 650 913 178 877 850 501 349
540 13 547 748 782 118 857 835 993 767 737 957 12 392 436 602 693 857 275 245 163 777 980 329 3 607 41 306 224 473 257 26 763 516 857 161 115 463 989 25 405 111 357 757 652 946 72 829 563 915 279 54 461 224 775 683 781 672 35 529 907 842 146 23 173 671 727 244 715 298 697 116 734 78 296 634 498 128 726 637 592 182 529 445 951 77 394 569 279 895 31 602 965 681 606 779 686 36 432 376
184 520 238 873 135 19 392 763 368 752 641 610 373 993 991 956 748 686 535 512 389 115 448 676 930 963 686 779 926 73 451 454 463 856 564 92 349 499 867 81 712 289 277 763 147 417 628 441 440 599 14 683 815 491 419 956 523 839 38 420 55 999 128 0 232 860 839 735 406 958 548 276 673 990 369 817 99 325 913 868 263 81 9 636 381 428 607 977 833 671 53 775 414 303 187 100 218 491 904 0
743 158 769 196 773 783 937 522 464 374 335 991 331 346 224 466 773 624 2 170 835 377 583 448 329 817 993 148 334 235 404 9 403 379 534 934 639 555 626 924 870 250 62 248 375 312 506 952 671 498 808 194 426 338 100 854 108 678 332 730 889 767 159 925 729 314 249 450 370 189 450 259 749 639 224 819 632 741 356 405 460 535 487 573 142 137 913 573 877 591 791 696 946 954 502 829 327 118 375 411
996 626 698 690 844 412 266 76 380 343 232 991 863 997 271 330 993 141 230 481 606 579 488 926 661 169 823 663 265 888 64 925 961 161 824 419 621 408 66 453 790 378 955 751 40 35 972 371 511 764 969 824 830 710 535 517 4 764 876 84 183 923 359 734 230 775 444 917 194 742 236 12 165 496 164 99 989 32 937 1 788 359 30 146 997 282 649 730 277 360 147 667 886 184 80 138 227 661 319 559
815 797 579 388 2 361 166 229 298 463 606 526 111 890 538 26 684 841 422 719 275 129 366 319 158 545 891 259 881 35 556 538 601 777 856 770 554 670 406 342 117 189 557 950 128 706 625 21 350 254 396 959 451 948 697 347 792 527 405 740 361 932 644 420 964 654 202 29 4 135 914 155 8 396 178 414 734 84 97 988 483 725 810 115 188 952 339 54 687 291 39 470 54 212 922 886 191 802 967 342
507 96 628 17 848 613 605 595 359 76 106 4 45 567 777 885 209 568 25 768 764 652 696 393 470 48 969 991 363 713 613 625 403 263 123 48 133 411 420 307 270 127 339 822 252 763 520 325 344 811 806 287 835 643 690 833 414 927 240 914 569 384 401 687 421 667 66 858 379 707 691 432 621 372 924 55 63 979 357 367 78 483 222 194 631 311 368 515 337 40 331 939 133 796 606 382 522 441 917 855
569 454 581 511 42 499 509 235 434 759 333 982 844 560 90 462 909 115 878 617 406 941 128 259 19 685 519 199 978 982 864 459 810 122 153 947 251 923 32 199 616 386 72 128 850 549 19 959 347 887 905 572 142 754 260 788 527 285 574 176 310 84 662 977 253 493 754 745 578 124 415 245 31 707 599 133 356 264 332 415 500 32 181 829 574 117 222 859 853 640 506 437 377 936 859 657 589 433 991 674
256 39 538 351 958 627 658 984 690 557 216 259 34 63 946 862 820 776 85 82 778 322 148 692 245 917 139 7 42 3 914 402 764 236 69 903 138 113 116 785 450 259 6 191 131 248 889 282 450 603 638 764 495 397 756 661 66 114 619 374 268 858 639 694 166 847 212 506 675 258 243 560 172 349 794 680 886 205 855 121 510 973 742 398 159 668 320 450 232 431 474 376 839 174 969 757 137 183 852 195
955 655 139 696 989 697 45 231 7 878 86 177 575 695 174 49 570 257 380 435 535 945 350 296 616 677 400 807 568 322 837 132 952 470 611 856 454 613 685 910 202 316 504 959 390 961 247 906 712 861 301 178 595 794 162 714 280 7 127 799 226 765 797 245 180 134 684 470 658 440 422 624 622 112 316 401 698 366 694 822 288 944 724 430 958 928 107 62 720 70 470 837 820 561 814 186 482 439 135 761
572 855 247 56 67 216 563 835 697 950 797 710 340 15 619 638 103 753 253 288 153 343 704 771 159 462 467 160 627 354 315 325 188 159 169 852 774 125 954 341 762 970 722 839 250 823 119 332 317 540 783 665 870 498 99 405 189 947 919 60 336 629 638 877 264 438 881 532 630 285 616 340 632 255 883 632 235 979 228 496 468 331 103 138 587 649 915 462 917 836 945 427 314 181 885 11 653 307 822 820
565 481 397 863 179 185 987 7 569 106 759 273 852 898 530 430 994 438 958 157 263 308 292 51 547 279 960 27 295 397 582 305 815 921 980 654 40 141 722 347 166 47 658 732 895 711 470 66 852 955 809 816 628 488 358 70 251 221 110 310 998 559 914 957 190 858 439 330 677 312 534 252 513 697 761 165 812 468 414 342 571 454 917 420 139 390 315 250 195 115 275 443 127 666 575 211 456 417 719 28
427 812 769 764 141 957 172 181 302 386 861 78 792 623 475 559 269 490 286 238 700 521 742 714 549 278 920 164 962 503 914 486 896 527 330 957 805 402 441 483 340 755 729 259 233 893 949 609 541 841 304 573 311 947 370 997 809 634 94 0 199 623 33 539 211 402 867 380 386 834 668 719 105 68 559 903 654 511 791 991 819 699 869 497 33 912 768 51 392 371 979 90 181 366 194 424 905 228 626 998
406 71 196 130 415 938 206 385 751 552 565 972 712 650 779 498 487 838 79 776 653 83 394 699 898 805 891 142 165 153 78 181 834 700 298 629 748 688 937 318 507 131 372 858 589 435 382 30 668 982 594 269 481 604 446 443 826 727 631 510 22 597 698 669 149 579 454 77 61 504 260 287 387 740 210 252 47 936 393 0 144 770 210 367 461 547 126 968 179 932 644 810 478 751 910 293 802 354 378 426
181 129 683 639 343 179 128 894 8 882 323 518 380 132 497 148 662 118 324 827 477 36 329 646 221 148 925 402 155 802 364 856 189 143 189 422 471 22 612 43 796 734 698 492 609 190 820 296 715 292 577 944 983 552 107 950 649 445 998 207 610 202 524 46 173 233 389 735 323 331 811 617 197 742 986 46 375 78 778 591 84 720 303 5 174 644 575 592 770 141 929 397 515 881 319 665 564 502 989 934
1 987 619 280 97 82 264 219 619 323 0 497 990 934 812 371 528 0 555 499 800 436 885 573 598 249 851 84 658 483 420 573 657 222 506 685 357 157 348 151 596 450 182 634 48 653 866 666 513 295 18 286 430 559 327 453 648 168 487 972 498 204 690 895 894 22 801 816 978 278 102 198 316 168 52 28 336 518 723 183 398 764 369 314 945 668 874 921 438 403 99 774 22 516 273 986 735 39 844 862
149 260 455 767 541 166 793 967 200 610 106 785 315 210 504 327 956 253 534 908 352 101 487 490 155 138 137 583 952 398 629 523 558 668 360 388 929 105 885 567 528 234 36 768 633 259 670 882 707 253 710 916 242 942 497 159 462 209 609 684 567 770 1 836 692 467 498 504 587 272 910 20 277 293 37 785 780 153 788 572 541 871 34 690 701 307 232 594 953 217 619 884 273 139 420 971 399 739 946 338
719 803 915 630 439 928 940 57 587 852 610 756 448 499 365 216 417 606 325 464 516 890 16 540 344 73 34 277 561 318 632 864 837 349 470 438 728 484 767 760 397 503 621 61 815 374 603 916 938 165 456 658 94 409 392 465 132 930 169 656 52 681 118 657 848 440 582 210 618 923 752 528 60 766 74 655 19 746 488 483 316 261 592 489 324 472 704 968 310 388 707 656 614 560 878 591 479 686 271 153
472 552 243 736 135 6 885 263 679 306 996 255 305 756 664 173 964 424 901 716 259 325 874 593 882 112 309 887 267 722 130 377 823 268 138 915 625 279 400 316 795 910 275 694 869 177 842 699 293 259 940 404 447 416 628 874 578 521 841 997 915 140 607 724 413 836 144 615 454 537 529 395 61 722 847 65 957 436 199 618 388 304 735 707 544 254 527 224 895 857 582 818 341 915 380 783 664 457 17 748
973 433 43 958 589 465 72 344 990 942 276 865 738 864 464 419 927 723 501 548 796 773 306 3 344 209 656 844 909 737 993 845 406 204 708 277 713 355 435 105 840 627 651 813 143 79 803 200 52 873 310 334 389 130 563 352 74 720 959 953 488 714 800 928 589 43 437 91 869 167 122 917 110 748 902 551 123 674 590 435 315 848 314 218 127 928 449 602 251 243 318 139 832 710 243 812 718 886 195 781
578 708 22 960 832 23 482 639 182 936 730 838 21 287 939 477 121 183 454 225 109 755 200 628 121 718 963 890 920 452 253 748 320 332 652 148 453 377 671 517 306 958 68 650 492 283 758 706 957 877 931 75 784 599 386 113 433 907 230 385 130 689 850 747 87 787 912 133 123 62 833 373 845 597 441 970 341 566 699 566 977 273 773 294 943 401 649 181 391 9 508 196 841 698 117 330 382 920 821 999
291 669 643 915 820 236 210 871 210 530 652 48 451 433 532 786 976 101 955 619 210 941 964 365 76 762 738 495 118 798 532 612 600 496 57 72 247 282 629 314 653 25 260 264 797 203 429 448 52 796 766 213 623 373 623 572 106 5 489 224 280 638 713 873 141 432 269 27 688 139 305 478 422 673 863 303 33 934 522 975 129 438 725 636 978 626 988 227 551 621 23 149 703 899 380 140 952 441 476 786
681 627 980 447 272 955 998 360 458 538 681 512 854 257 997 200 982 256 78 332 260 127 927 827 323 677 208 270 335 760 994 885 671 18 185 214 942 915 901 887 261 411 34 747 15 925 702 286 301 993 152 190 924 299 61 902 179 801 638 711 951 402 422 710 199 177 579 22 361 763 967 821 29 292 190 764 991 72 985 227 576 155 629 698 244 658 5 361 765 72 971 799 893 691 185 509 41 769 239 675
31 691 210 492 785 116 198 771 475 506 537 303 310 145 967 99 522 32 830 517 201 159 536 132 310 430 820 765 918 806 329 657 422 966 610 321 565 122 365 627 655 23 33 136 414 900 226 643 630 364 807 240 668 938 324 280 625 768 443 921 897 199 560 146 26 405 215 441 730 911 952 89 701 209 302 920 647 438 459 61 220 216 680 457 551 367 333 955 459 266 387 407 710 263 171 872 176 242 917 375
454 510 816 724 932 611 366 451 777 863 525 376 136 968 527 940 513 862 942 492 125 474 450 944 455 782 991 972 274 280 525 352 426 186 858 589 889 741 334 113 765 820 824 649 136 796 308 319 466 744 434 158 618 763 20 276 591 369 917 912 682 825 552 700 342 670 135 192 384 770 706 109 176 269 638 597 395 68 800 652 789 630 720 613 135 969 723 707 108 147 380 373 52 801 55 349 304 146 590 350
787 437 723 382 14 720 876 80 992 209 810 751 643 67 657 504 702 345 495 563 938 45 502 126 283 266 985 809 510 426 691 40 721 697 818 351 816 933 969 577 956 946 171 365 542 454 655 964 398 420 672 131 346 918 879 469 195 274 1 184 845 551 488 640 20 936 985 941 856 944 536 935 869 802 572 636 582 695 515 163 82 285 165 456 341 5 321 434 359 852 447 673 945 537 278 9 979 993 54 802
747 165 971 182 181 648 839 293 653 763 697 274 551 617 517 997 632 553 976 786 180 630 685 591 485 213 611 21 655 738 62 618 354 494 283 575 685 584 386 436 700 622 41 805 661 491 963 906 30 273 278 465 809 412 265 136 170 448 395 772 417 248 893 526 268 210 917 887 131 952 375 798 816 404 697 144 95 537 306 698 116 727 835 145 835 324 273 330 578 394 727 165 925 695 514 955 830 363 1 968
570 147 769 475 879 359 521 132 100 230 836 349 59 417 972 841 771 34 86 308 944 712 325 221 198 332 150 809 559 888 34 724 686 279 170 744 179 540 10 484 614 884 90 349 5 352 953 275 105 101 77 62 513 622 955 759 881 757 168 3 616 393 281 161 58 909 298 207 749 978 266 447 695 524 420 479 346 428 345 521 617 557 592 123 616 361 490 724 37 737 750 128 394 700 836 291 419 707 983 253
227 638 256 198 123 26 862 671 920 860 240 205 295 592 676 722 606 162 336 31 365 355 92 138 794 332 174 116 375 657 936 18 326 540 856 445 901 437 624 845 446 408 255 609 287 636 573 519 961 623 242 497 773 725 12 121 595 466 437 393 457 654 700 120 975 598 406 272 355 361 8 918 342 225 183 19 5 702 918 863 666 321 496 3 53 803 657 473 437 789 970 82 616 87 505 857 809 365 917 38
506 670 180 176 57 152 675 197 746 510 593 602 353 616 625 837 892 105 670 117 167 307 342 305 833 789 405 971 730 569 345 130 374 323 879 635 377 399 138 409 478 585 416 224 564 198 959 690 380 43 114 192 683 254 980 95 270 485 454 591 927 73 121 90 686 884 606 907 860 166 71 310 817 829 372 762 577 402 227 449 567 994 424 37 227 684 700 874 88 563 273 337 201 593 697 291 584 293 527 515
679 674 799 386 130 742 260 743 451 776 269 522 1 828 836 699 181 621 798 728 530 567 414 728 149 200 38 779 922 578 617 905 473 710 687 832 490 180 394 555 751 952 731 900 939 762 809 501 818 543 943 585 914 539 481 401 338 420 648 856 581 440 747 964 566 514 662 314 368 192 960 20 441 743 624 666 149 611 573 843 949 111 355 244 718 106 18 293 896 847 990 168 984 866 197 362 832 239 94 520
630 802 171 652 649 449 568 536 674 64 269 416 49 793 805 205 707 172 374 598 56 137 839 429 508 304 562 672 415 498 807 643 503 102 926 773 744 474 558 17 529 216 294 35 378 357 473 658 214 995 200 187 921 478 479 44 988 393 640 943 941 964 692 920 39 907 170 244 527 818 721 97 477 639 229 589 9 773 724 255 942 989 577 223 308 588 530 865 674 396 16 959 627 315 225 881 556 36 858 874
359 350 377 108 49 482 838 331 884 139 167 524 175 734 699 841 466 793 0 785 966 367 280 227 63 186 131 476 928 147 548 377 341 292 937 945 295 543 652 266 940 102 911 365 1 73 931 515 354 86 976 884 353 865 481 20 402 363 148 563 761 296 902 367 29 555 457 170 551 944 856 125 945 97 203 963 517 828 83 601 107 688 292 798 998 229 809 486 566 724 61 419 934 797 97 981 48 149 181 12
27 468 575 296 239 303 569 55 828 807 27 523 732 631 150 236 596 724 850 33 160 336 453 32 471 223 13 507 602 936 406 796 356 615 901 354 954 787 523 712 660 828 477 452 484 561 644 941 952 242 841 502 942 402 257 985 883 88 142 913 277 0 436 211 649 234 874 550 690 58 905 292 178 259 743 530 41 97 459 133 717 846 777 486 141 98 373 595 951 712 461 678 392 686 615 951 246 98 83 406
486 19 121 10 376 899 270 842 891 252 666 159 354 200 72 574 519 46 876 702 962 633 510 945 978 32 553 567 403 650 466 197 199 881 20 3 856 568 500 729 161 67 834 2 31 251 224 992 291 276 669 956 896 612 240 764 328 630 237 93 843 711 784 262 263 95 864 353 3 352 928 574 161 720 524 171 2 88 156 70 117 350 14 389 302 209 997 653 929 313 429 395 508 699 894 816 238 787 334 831
264 971 504 834 134 98 793 627 556 341 553 703 56 88 397 932 282 609 173 36 776 646 973 795 136 194 468 943 670 915 857 233 905 913 356 929 169 196 146 911 683 183 604 622 578 591 503 60 453 850 466 644 550 268 443 150 817 502 768 785 483 16 629 61 534 45 247 389 532 884 581 783 890 796 397 37 798 169 794 103 860 381 490 10 243 14 656 913 729 20 498 24 1 396 162 816 303 724 163 583
96 577 734 651 123 548 110 950 551 49 934 269 807 724 320 968 63 113 66 363 143 146 311 441 504 745 427 390 554 477 90 133 984 882 995 304 772 531 36 890 642 486 339 702 519 13 601 205 950 861 573 33 171 75 563 228 559 151 511 584 733 64 190 731 343 147 202 761 523 62 574 579 3 406 322 23 192 800 550 942 664 402 169 12 145 899 164 356 909 725 960 252 910 969 685 701 291 916 473 30
893 863 361 638 786 241 536 446 888 746 310 0 609 79 9 856 410 688 481 940 33 216 261 375 330 120 797 390 230 600 566 745 850 686 366 610 625 322 20 618 50 236 391 366 28 21 583 242 528 377 462 650 563 703 522 824 94 605 193 893 64 818 198 760 617 269 393 21 5 252 750 487 530 937 193 612 817 216 311 289 578 667 554 91 601 344 276 229 319 907 908 689 150 628 417 168 864 216 981 536
409 482 229 739 782 45 810 822 587 487 229 308 716 405 136 849 496 726 676 764 954 116 407 574 811 935 389 33 609 465 756 276 311 36 220 273 986 454 556 784 983 690 574 761 787 879 566 881 140 7 694 699 809 13 638 327 531 856 200 473 465 903 101 232 674 686 379 819 46 494 709 264 945 341 529 474 7 800 377 526 934 964 802 366 646 777 537 485 619 697 205 344 846 997 877 121 832 738 474 48
132 751 877 550 884 392 68 357 401 49 784 98 70 441 214 226 734 2 730 365 177 438 628 793 963 418 491 959 731 360 698 306 959 933 206 865 353 489 106 996 302 220 86 123 798 940 972 773 598 480 771 206 616 880 396 897 637 943 414 246 3 304 876 579 936 467 637 629 661 644 113 640 874 875 958 408 556 404 469 577 494 449 310 337 315 849 710 834 332 63 625 704 47 506 758 800 939 46 777 469
767 154 599 424 424 750 186 355 486 165 597 729 65 962 551 548 146 858 782 893 294 329 505 363 227 32 83 100 351 947 983 958 567 953 349 495 201 656 539 686 798 309 521 640 381 420 807 700 746 858 632 465 438 987 971 213 293 232 330 279 953 94 783 55 575 313 845 108 451 317 258 173 316 288 528 129 204 863 421 569 314 192 865 499 727 363 719 256 865 930 362 600 522 772 883 174 644 517 894 898
629 431 298 366 139 99 606 921 395 628 801 412 959 30 25 163 290 350 873 748 541 813 819 529 889 992 697 746 593 781 111 500 217 575 146 515 624 615 208 483 827 39 663 915 823 603 159 539 161 370 776 404 791 726 280 625 203 23 374 742 371 501 633 566 533 247 764 581 434 623 279 578 461 292 456 35 252 463 299 317 25 643 51 759 380 428 522 813 391 564 227 831 94 837 810 29 571 358 210 147
660 57 301 41 929 272 313 186 455 536 95 425 343 436 47 396 98 366 596 785 402 357 495 327 159 837 91 833 246 547 907 684 639 399 584 541 988 473 759 690 381 437 443 195 717 388 227 418 198 511 996 649 25 432 719 639 541 380 318 947 668 668 341 582 177 107 257 480 755 113 640 356 846 290 713 498 262 166 641 705 48 84 770 305 498 596 131 904 675 709 84 517 762 447 578 732 598 5 335 675
