100 100
127 183 127 2 191 133 17 136 69 20 76 84 66 118 162 98 143 39 74 106 127 185 62 14 156 119 47 140 129 108 165 132 99 131 109 196 20 150 93 139 156 148 150 52 151 174 80 177 104 48 149 99 133 1 189 92 153 42 3 65 85 83 121 40 106 61 164 12 8 191 129 182 108 61 199 43 12 46 120 13 69 15 118 145 112 52 12 125 29 95 58 63 141 192 157 192 43 136 49 139 
170 105 30 42 2 164 129 124 4 16 52 54 105 67 84 80 36 148 88 72 79 103 2 125 148 105 63 153 62 151 89 144 152 38 2 73 135 75 86 15 89 90 55 195 150 59 79 141 129 138 146 150 151 81 178 21 54 142 47 127 183 169 94 130 34 85 11 54 54 158 78 166 21 112 54 61 39 138 124 97 60 155 189 170 118 89 31 87 61 184 117 29 63 2 130 103 124 48 111 100 
46 26 58 176 165 170 63 35 96 139 84 91 153 94 12 198 119 171 164 146 160 32 158 175 52 99 43 43 76 22 171 108 46 107 74 104 169 64 43 6 126 121 106 197 5 5 95 160 182 133 172 148 161 79 52 25 163 162 128 96 188 141 103 108 172 198 69 15 17 115 127 90 61 164 185 10 167 170 64 40 29 48 43 53 99 25 96 78 41 37 94 79 11 100 79 14 29 147 19 28 
92 114 67 40 73 60 130 163 104 51 124 30 127 127 85 194 199 61 100 23 176 165 69 19 144 113 119 168 44 90 199 2 84 183 11 52 181 127 55 100 8 111 152 161 21 131 127 129 118 89 24 177 24 122 34 88 9 121 106 97 47 83 37 25 89 6 102 197 20 48 54 44 9 181 89 136 29 148 151 173 86 102 58 146 171 173 85 44 159 157 126 139 2 11 163 36 181 3 117 2 
195 89 94 121 108 60 123 11 120 29 192 165 153 4 90 115 171 80 145 146 80 145 167 83 112 78 25 129 98 154 24 30 196 72 69 100 162 199 131 80 108 49 182 85 43 100 9 15 88 66 11 49 131 16 30 43 2 87 60 80 150 183 143 181 65 152 99 175 42 146 85 107 163 2 153 47 139 4 109 9 3 168 150 183 94 11 185 61 120 156 107 128 150 134 107 104 28 45 80 135 
79 48 28 159 20 82 177 14 175 13 3 139 115 4 185 166 93 35 161 77 192 128 60 197 135 50 179 154 187 66 133 69 30 29 125 172 188 139 32 196 125 60 139 152 99 49 191 127 183 145 2 178 26 167 42 150 39 7 11 178 135 22 35 140 40 109 42 197 108 73 131 155 80 56 197 96 48 89 144 170 8 167 82 17 68 197 140 45 44 174 173 62 83 147 156 169 52 2 48 3 
3 1 151 50 157 87 158 109 104 12 22 40 54 3 144 65 140 179 141 103 157 18 119 191 151 187 141 108 43 187 49 5 109 13 155 98 42 20 127 104 94 112 58 64 129 153 51 123 127 38 152 1 100 139 154 157 138 161 7 132 76 154 138 64 60 47 166 93 16 145 6 151 176 35 87 192 187 115 177 195 106 34 47 57 125 21 143 156 5 58 123 2 15 140 79 136 188 97 180 18 
135 177 56 102 93 47 183 193 79 135 75 121 177 42 29 37 47 60 74 194 139 116 98 5 147 83 95 63 33 192 61 100 100 53 17 164 140 51 58 30 22 114 182 30 151 9 122 188 131 153 128 194 2 166 8 18 20 106 99 37 10 53 197 188 26 147 89 126 137 153 133 97 185 175 63 58 4 55 129 126 22 162 119 102 66 11 192 19 154 33 151 175 103 7 157 141 4 177 144 25 
12 2 91 109 191 90 11 58 158 178 42 152 74 174 113 153 118 133 186 6 78 28 10 95 101 117 106 118 46 45 7 169 112 190 149 71 59 136 116 184 128 181 26 118 143 51 65 100 125 50 127 151 19 103 132 82 7 198 2 99 194 70 124 71 28 129 111 77 29 141 119 119 89 136 137 103 57 113 85 30 174 143 131 71 3 91 19 15 3 106 37 118 6 26 126 48 5 137 34 68 
188 184 27 166 10 91 133 112 163 8 17 194 56 91 50 126 187 87 69 135 156 73 175 121 177 133 38 143 111 31 55 153 91 3 51 86 128 199 184 54 137 126 41 159 27 64 72 155 159 70 136 82 11 171 189 14 101 69 67 65 30 177 35 60 64 15 82 12 125 132 181 54 183 195 81 25 106 8 188 53 94 148 59 17 1 133 185 164 92 189 194 31 28 123 55 64 155 21 24 85 
129 44 20 13 16 32 56 182 50 128 179 50 152 183 57 45 49 10 184 123 95 150 132 35 59 133 161 108 164 193 194 183 113 72 151 118 147 42 105 82 79 119 135 148 123 89 195 34 80 91 51 133 100 132 119 97 101 176 98 60 170 198 149 23 38 198 82 112 74 77 54 191 98 136 53 66 17 13 197 159 156 175 60 7 64 32 147 131 130 106 52 100 124 168 156 185 16 61 100 5 
104 120 73 153 122 187 97 106 73 99 154 100 1 167 175 12 129 17 37 166 100 160 55 68 7 111 172 137 102 78 170 109 29 92 133 27 16 190 152 43 159 8 180 154 14 164 60 160 121 150 147 193 109 164 109 158 58 48 69 92 187 74 101 57 107 130 169 190 42 191 180 187 49 148 2 152 133 35 168 42 99 65 37 152 184 192 196 139 171 18 197 94 84 117 69 112 115 107 75 45 
155 126 21 49 46 171 171 133 153 124 22 79 64 128 141 26 17 100 81 88 189 128 165 100 36 46 113 59 157 114 47 54 141 151 97 15 49 105 73 62 130 186 173 196 51 20 49 57 23 153 37 75 44 65 188 126 170 166 144 173 125 100 16 121 142 6 116 172 47 107 16 35 151 198 146 7 71 100 140 127 147 140 56 60 123 9 66 37 140 184 15 162 122 180 136 198 68 96 97 74 
8 134 74 163 89 96 23 115 70 85 93 106 97 32 45 15 164 126 31 108 59 20 179 29 196 68 199 5 99 39 38 45 83 168 73 78 59 139 49 66 196 98 104 50 166 113 39 159 46 169 108 102 146 121 104 148 79 148 47 65 165 151 78 44 58 162 31 49 109 83 180 166 168 17 168 192 172 41 94 126 7 50 92 129 74 17 36 111 33 154 166 32 6 188 147 47 93 46 157 185 
134 141 78 130 100 75 65 92 125 66 38 36 144 63 158 11 57 58 13 92 109 105 17 177 109 15 100 7 28 51 47 26 79 34 59 4 88 198 167 156 13 100 144 65 76 151 175 130 54 43 123 189 158 182 114 154 67 7 148 149 166 94 178 58 67 163 96 5 9 140 120 41 100 186 134 22 12 55 79 194 62 114 39 109 10 162 147 120 126 152 57 36 167 50 99 54 46 14 125 172 
148 70 107 199 90 198 186 136 177 7 17 170 155 156 96 1 114 48 67 108 107 52 173 2 77 181 66 199 160 173 136 30 46 76 178 18 191 22 33 33 81 48 151 146 42 129 9 197 27 185 106 12 102 87 194 85 132 170 30 52 187 175 128 23 194 43 66 101 164 90 1 76 145 33 37 145 56 19 55 22 125 191 132 100 90 159 141 193 19 98 20 199 80 99 195 156 82 183 57 49 
199 85 51 74 76 179 20 67 38 31 165 129 176 137 101 23 46 8 104 66 97 185 5 64 104 85 183 44 91 183 14 38 48 4 23 11 53 84 56 199 37 27 37 158 74 13 46 157 108 167 135 31 18 24 9 130 6 152 184 133 157 25 174 30 63 81 2 94 126 89 110 25 3 35 5 7 77 85 105 21 72 81 10 159 160 138 83 22 54 148 193 145 86 35 198 83 2 95 114 90 
61 52 86 25 31 105 83 65 163 94 101 192 164 140 35 44 151 35 130 18 116 117 190 80 157 30 47 91 163 53 104 138 107 177 100 192 2 47 86 197 103 19 66 126 55 131 129 109 72 22 3 4 184 140 174 174 109 14 49 6 63 197 2 45 4 155 107 193 47 143 174 109 75 132 41 76 45 37 132 69 103 26 58 154 156 126 167 167 18 121 129 138 29 189 77 15 41 140 183 148 
144 78 162 156 8 138 174 95 19 98 33 182 98 69 169 125 95 177 141 164 162 93 130 65 159 167 20 104 25 168 166 163 144 57 126 123 39 23 142 94 153 179 126 168 122 50 67 116 106 119 30 80 172 74 86 80 43 105 139 188 161 106 96 24 15 194 189 190 117 21 152 151 103 196 18 45 73 142 65 54 83 127 40 119 185 108 102 50 121 53 183 151 84 54 36 124 62 8 79 25 
115 196 147 123 55 24 23 143 79 150 14 28 22 78 20 111 185 113 42 43 38 136 88 138 79 76 166 16 164 51 108 8 119 181 55 66 77 48 98 78 182 66 54 51 23 93 110 18 91 112 154 33 120 165 87 149 185 53 154 146 195 172 43 8 122 74 46 105 36 149 110 76 14 179 168 176 17 174 45 41 122 157 22 102 62 123 46 196 81 15 105 45 37 129 53 100 174 197 76 49 
97 89 122 102 187 180 101 19 83 61 103 186 100 67 136 13 111 47 158 126 142 10 54 88 14 133 142 118 155 80 140 187 158 64 5 35 173 63 132 13 47 88 8 57 186 143 122 22 78 152 129 42 22 74 2 132 186 49 73 23 109 8 46 116 10 145 139 26 104 21 35 105 160 181 103 152 183 197 80 118 66 19 172 142 93 178 137 128 192 64 27 39 63 2 123 167 67 183 156 19 
49 193 54 137 183 187 34 35 110 161 180 5 129 170 91 106 86 101 172 48 36 164 9 133 145 14 127 57 87 198 83 66 155 144 74 64 13 28 18 131 104 44 152 191 113 9 54 165 35 18 158 15 78 128 34 17 70 95 61 151 61 62 171 9 34 131 5 78 23 174 37 82 150 73 173 2 28 47 192 132 30 135 16 136 160 43 172 32 100 116 125 11 102 7 139 105 8 20 50 62 
70 134 123 23 150 148 107 177 64 43 199 11 155 120 137 85 43 175 156 44 54 185 198 33 16 90 139 127 79 151 91 70 80 199 90 14 87 113 138 146 91 90 41 194 12 191 116 115 69 164 123 99 23 1 199 142 105 91 193 55 153 70 162 157 164 138 127 127 105 172 124 34 30 147 135 52 185 38 128 56 55 16 121 130 10 65 173 149 129 89 56 157 190 20 8 86 158 86 162 90 
49 171 1 81 28 4 142 50 26 102 93 45 33 51 118 185 157 145 19 136 1 25 138 125 40 130 52 10 160 100 49 152 54 168 34 14 12 111 142 191 168 25 88 135 44 154 173 81 156 199 57 192 50 37 193 52 180 130 12 168 95 104 71 197 163 160 66 10 156 130 112 37 47 137 162 137 180 197 31 147 56 138 40 167 66 170 73 191 22 27 63 112 44 180 104 157 13 17 177 33 
100 110 122 112 67 197 48 140 118 62 100 73 196 62 161 188 147 56 103 74 2 159 68 111 28 23 2 115 85 119 38 193 110 65 198 102 64 199 36 78 36 88 43 160 68 153 191 40 188 114 108 13 19 36 99 186 191 132 22 76 124 110 128 32 82 93 45 175 67 134 70 152 172 79 72 35 25 171 150 124 74 150 178 117 83 54 177 79 134 97 140 167 52 123 70 170 69 137 198 173 
163 85 78 59 134 28 165 195 70 84 170 169 160 114 82 74 112 173 67 57 158 194 41 142 164 46 3 61 187 120 145 62 143 144 75 195 107 89 17 159 112 67 142 29 130 186 141 15 65 112 80 147 149 145 164 132 77 10 190 198 96 52 160 129 166 159 100 86 83 135 80 110 185 88 87 100 146 38 15 105 136 62 123 61 33 78 55 131 137 37 106 120 116 163 178 105 185 156 1 101 
75 154 40 95 66 47 64 197 40 105 134 42 105 68 87 123 92 160 167 29 186 54 51 126 40 99 58 118 23 44 65 128 109 36 94 134 163 81 127 25 70 14 61 76 42 158 112 11 178 154 145 18 80 173 151 61 128 42 134 65 167 190 17 157 63 199 1 190 186 81 84 77 188 116 168 28 149 81 194 147 188 35 21 159 123 93 7 189 112 108 39 80 195 148 168 124 193 149 4 59 
57 164 68 169 38 71 86 191 140 102 138 30 167 107 17 64 99 86 157 18 166 147 36 6 71 83 175 150 90 106 38 80 146 101 123 123 198 27 39 118 36 38 175 67 26 20 14 97 139 12 61 155 186 151 196 59 42 103 120 123 19 134 108 152 142 114 156 171 2 59 144 159 10 140 96 156 119 96 180 178 98 93 86 99 47 89 129 104 62 70 41 179 19 109 144 65 68 109 75 37 
44 20 51 42 132 19 179 26 148 174 77 5 43 46 34 165 56 160 133 67 159 40 69 49 118 25 188 99 126 69 75 33 193 167 50 57 170 49 138 180 19 46 130 118 111 153 198 38 152 170 67 163 31 95 79 32 2 25 70 137 147 182 115 188 178 79 76 32 103 105 37 21 148 58 96 172 174 52 97 91 1 146 167 80 61 1 152 84 64 17 6 143 35 110 184 97 103 162 85 55 
40 39 26 83 8 45 41 45 54 145 11 83 51 115 87 77 92 62 34 196 159 145 94 57 78 14 141 156 66 159 135 75 118 23 123 148 129 101 198 9 63 183 68 120 38 169 113 192 89 121 5 117 86 115 33 64 65 66 111 189 14 25 47 16 63 199 74 40 13 105 133 163 87 61 105 97 187 57 54 157 64 80 24 155 92 77 95 86 136 100 182 137 133 38 88 168 21 85 121 77 
14 24 185 34 144 85 121 100 136 13 15 153 57 76 142 199 54 175 117 44 92 193 73 137 40 84 179 114 59 61 137 85 165 118 133 149 150 25 61 6 136 51 184 142 105 161 76 18 119 76 21 150 33 160 190 90 32 146 74 22 173 178 167 61 164 191 59 178 81 81 144 61 59 117 23 103 186 100 145 192 93 42 71 40 74 39 38 134 190 123 2 123 40 142 33 80 78 74 82 96 
82 34 77 64 104 185 10 9 136 161 119 129 37 198 193 23 28 144 147 87 144 42 89 189 134 98 135 147 62 183 100 5 45 28 172 106 65 45 35 55 199 105 70 63 50 48 67 178 61 5 13 68 170 173 12 139 166 75 101 83 187 105 79 112 62 76 162 152 100 28 55 73 112 160 119 84 49 178 91 185 199 124 170 149 155 41 62 115 56 84 158 26 158 66 143 118 20 41 123 174 
17 130 124 77 74 188 76 3 86 153 46 104 165 10 125 81 51 19 100 2 4 86 52 154 147 125 178 140 197 16 54 66 94 126 28 16 89 60 161 26 47 162 133 22 63 105 119 183 107 183 186 103 165 108 11 187 14 177 155 102 82 180 150 114 177 192 164 112 190 40 159 125 100 31 158 152 18 82 199 54 18 139 14 180 176 40 191 67 188 198 74 21 186 198 19 86 135 86 91 97 
138 173 149 28 39 60 75 101 168 101 5 35 122 105 177 31 171 56 100 85 9 102 73 179 154 197 149 132 146 106 3 139 121 6 96 188 116 37 145 139 128 48 103 152 26 74 62 193 153 133 100 157 37 164 80 163 57 71 153 197 191 103 140 59 61 92 148 160 190 76 21 162 45 169 76 8 59 145 56 68 165 25 157 128 41 86 56 112 168 36 100 39 49 72 197 17 48 73 145 113 
88 54 95 41 192 170 131 139 142 182 179 105 127 56 9 68 186 37 189 120 150 178 74 117 64 111 117 50 48 121 95 103 132 186 194 94 51 126 46 196 195 90 72 108 108 181 183 44 151 8 148 58 13 22 84 63 186 175 160 152 35 133 83 119 131 118 39 66 185 5 138 88 183 196 26 84 133 57 61 77 173 45 106 188 153 144 119 80 53 50 84 165 169 152 77 183 169 16 69 29 
41 72 76 16 83 198 154 187 124 183 34 197 43 168 157 173 45 198 46 96 169 44 117 146 66 6 149 193 76 147 100 101 74 140 67 97 150 74 107 113 93 147 2 86 99 93 135 39 107 194 149 144 109 81 199 89 8 34 50 117 195 44 67 57 77 185 187 172 44 165 176 86 62 38 87 143 92 62 122 63 123 118 96 159 66 84 95 66 114 136 20 136 17 133 113 155 54 199 84 37 
134 117 113 13 153 107 154 74 25 147 66 24 72 131 15 1 23 163 27 31 75 111 23 122 99 192 124 84 4 148 145 95 31 164 77 172 166 185 173 147 72 161 88 104 72 193 105 199 28 120 101 100 127 163 56 22 154 23 79 74 61 127 78 170 58 54 186 37 184 82 60 95 60 112 31 84 38 104 78 17 120 112 21 123 105 196 58 192 12 196 199 31 108 150 49 199 166 19 139 161 
198 195 86 175 148 164 60 39 89 182 196 62 54 40 177 186 182 168 27 151 170 31 46 110 194 180 127 105 191 162 14 143 18 169 158 23 140 61 19 40 5 81 89 53 10 170 42 51 177 52 10 117 176 75 162 185 178 69 129 8 140 53 20 57 82 2 169 144 127 107 41 1 197 178 39 51 137 96 197 127 143 180 192 38 54 162 114 146 144 59 1 41 10 105 115 107 90 175 164 73 
41 119 102 136 141 105 29 24 68 99 167 91 148 132 77 174 100 108 158 98 174 140 123 41 102 106 121 1 101 181 5 158 100 98 37 90 163 14 170 54 159 194 31 102 71 198 57 29 175 46 70 21 34 185 85 161 64 41 153 179 52 106 186 61 156 103 39 16 151 167 105 193 189 97 35 23 88 109 35 37 193 40 48 67 118 122 182 32 120 117 94 96 18 120 162 173 153 162 181 160 
148 174 97 157 118 113 79 146 131 97 153 48 87 85 86 54 37 3 33 7 19 110 176 106 175 104 189 139 77 149 187 152 33 168 155 121 120 140 192 44 88 101 118 92 151 131 96 140 132 42 174 176 33 5 167 69 165 16 129 72 47 171 142 181 76 166 25 56 37 95 56 113 173 196 58 65 136 95 31 43 181 143 83 98 20 86 3 137 23 177 161 82 170 128 113 185 112 97 120 86 
34 72 108 137 102 92 22 87 98 192 182 162 91 24 24 18 82 109 20 37 165 151 150 56 38 29 83 61 44 156 43 130 154 106 11 121 55 50 141 97 134 1 112 23 43 96 75 6 125 83 173 173 37 117 31 41 147 106 101 68 170 27 175 178 81 119 186 163 32 158 47 7 19 84 64 59 12 105 134 168 18 199 132 29 195 191 151 95 64 115 79 70 77 177 30 116 133 174 181 118 
178 130 54 162 91 107 14 144 125 29 167 152 46 30 25 35 98 136 66 18 180 126 69 73 8 155 62 36 138 19 73 28 145 71 110 175 95 108 77 4 61 180 163 78 69 120 47 61 48 70 69 157 90 176 105 47 20 174 182 51 152 123 113 92 182 68 147 154 106 6 41 92 133 66 179 20 157 192 169 60 142 83 113 150 95 184 7 97 25 54 22 11 186 110 134 159 25 30 199 91 
35 169 63 59 34 118 31 132 193 37 145 93 150 162 150 105 168 70 151 118 162 86 148 61 192 80 76 163 43 175 148 74 41 79 21 131 180 125 5 79 82 130 80 120 118 136 21 186 29 152 151 4 181 163 189 83 125 153 140 175 28 180 70 6 23 157 17 163 21 59 90 24 157 185 155 41 127 183 43 88 177 115 74 176 157 26 72 45 17 13 96 170 10 190 69 65 25 28 133 107 
119 111 135 63 89 161 176 147 16 114 57 128 96 120 102 128 160 172 110 83 139 64 109 19 75 86 149 61 147 143 138 174 85 145 161 198 7 85 122 99 4 169 39 45 120 86 26 109 188 34 169 51 102 82 164 125 186 37 106 40 31 137 116 64 48 95 30 11 78 149 70 49 28 33 185 91 93 99 196 179 191 25 142 15 73 106 161 23 76 83 176 33 177 94 157 174 27 113 169 135 
14 95 152 15 21 58 181 139 18 183 187 8 89 132 108 129 39 146 169 194 66 44 197 125 196 29 118 148 76 85 199 21 183 178 109 47 160 162 40 141 147 56 21 100 76 189 89 11 198 100 192 154 33 86 107 12 28 124 23 40 9 130 169 150 138 22 45 61 100 154 113 34 73 10 167 41 49 113 40 192 87 15 155 5 129 115 196 181 123 132 75 101 16 100 22 53 163 36 44 75 
113 20 125 185 136 191 113 11 107 58 134 132 173 119 109 166 11 184 112 116 138 162 152 51 194 148 16 22 129 138 6 87 93 151 82 121 22 160 61 141 104 166 26 51 145 194 53 128 108 127 50 66 65 41 107 88 194 97 74 77 5 116 128 50 25 114 177 105 5 61 121 34 182 65 126 67 68 169 55 149 4 149 164 15 25 167 71 163 155 76 88 108 42 157 148 73 27 31 65 98 
17 158 46 128 77 4 114 20 15 180 147 129 12 90 156 15 67 156 84 98 141 74 106 21 195 128 81 115 107 182 190 107 162 85 48 169 167 148 154 80 139 56 43 117 64 132 82 154 93 162 9 105 21 12 186 66 157 64 59 183 43 108 110 40 64 70 106 189 193 170 138 43 139 113 50 90 167 187 15 196 173 48 165 32 123 10 199 160 56 82 126 106 48 172 196 89 50 153 109 22 
116 198 120 153 189 36 157 39 168 198 95 186 177 25 34 171 74 50 185 168 69 59 94 149 12 9 39 153 79 23 186 78 78 85 179 133 167 103 22 100 47 164 79 95 50 18 66 47 180 84 152 74 125 55 135 27 11 94 40 157 55 199 53 11 172 142 93 148 1 139 57 174 155 1 144 23 199 79 68 23 120 67 141 164 69 126 80 89 132 142 81 30 100 117 106 142 81 105 87 152 
75 82 130 27 55 143 13 135 92 173 96 144 194 17 123 151 35 2 156 161 138 83 79 166 38 148 42 189 53 88 89 123 63 123 144 54 7 40 79 52 117 149 194 20 114 33 159 99 163 58 112 194 105 76 67 39 27 70 152 36 94 9 174 86 28 101 50 194 102 15 194 11 40 191 67 70 140 157 31 108 132 23 95 189 145 6 28 36 93 196 163 16 199 122 83 39 140 132 34 105 
52 44 60 95 127 192 180 146 122 100 199 141 104 189 198 183 1 171 163 62 19 181 160 55 52 126 110 191 144 14 73 193 88 31 144 83 191 139 131 63 133 179 182 90 50 27 31 92 182 40 62 97 129 16 70 191 189 41 192 102 118 173 193 173 111 153 163 22 45 44 188 99 170 48 133 42 181 143 84 47 47 71 167 87 26 41 30 57 76 45 98 113 100 38 176 51 26 1 190 85 
134 131 13 145 77 78 118 113 4 61 56 46 29 160 118 178 98 43 63 46 42 59 85 199 183 12 131 3 52 115 15 30 156 181 133 157 85 28 105 146 86 81 129 151 126 5 164 103 3 83 28 74 125 122 78 175 45 15 37 87 93 43 178 4 197 157 140 40 135 199 104 54 121 196 80 178 122 50 52 73 112 30 80 169 166 35 5 133 58 156 57 193 175 31 194 27 68 110 178 160 
100 118 188 33 185 197 90 197 139 39 114 60 181 96 18 92 6 181 17 87 77 149 94 29 165 22 118 70 79 84 103 11 155 69 30 111 160 21 42 111 183 107 40 158 128 60 150 132 49 100 160 166 77 14 51 161 9 62 110 64 78 27 157 183 80 133 147 153 51 44 59 17 62 135 78 190 49 169 80 80 188 174 157 105 81 43 184 55 35 175 156 184 19 120 158 146 50 19 148 82 
104 180 29 37 41 24 155 73 35 58 145 79 109 93 193 176 104 186 135 163 61 113 97 183 193 144 35 15 32 65 169 89 173 100 2 94 107 183 164 20 143 1 142 187 129 124 187 176 64 120 7 77 51 163 75 175 172 182 36 177 144 4 141 195 50 164 145 1 199 165 90 3 81 149 153 19 132 133 50 96 52 1 160 192 114 136 98 111 117 43 62 81 167 3 15 122 121 22 27 145 
132 115 81 92 62 158 107 148 66 192 198 104 141 95 95 153 64 76 147 5 101 162 65 17 159 192 194 19 130 99 59 74 25 63 13 159 10 51 136 2 37 95 62 3 125 157 95 148 63 94 29 83 188 61 98 172 180 73 36 139 124 40 183 86 198 99 138 65 12 45 85 108 105 118 88 115 90 170 188 82 92 40 190 177 173 79 40 188 117 9 167 118 186 77 72 165 87 187 76 183 
149 63 186 179 135 64 129 16 54 142 47 163 16 78 33 157 114 178 28 107 20 115 150 129 41 77 69 70 60 176 38 75 67 180 165 117 183 42 184 19 112 93 194 163 194 57 178 11 175 80 91 11 78 75 12 101 85 53 50 145 45 43 112 148 169 20 90 123 121 57 159 113 157 137 176 44 126 120 36 75 140 164 179 136 13 162 128 126 8 145 51 103 119 113 143 31 100 187 172 183 
106 110 177 79 151 10 28 127 121 26 65 152 180 118 86 116 199 40 85 197 49 171 137 86 57 126 64 165 118 121 136 110 116 85 103 101 96 22 175 1 15 52 95 143 148 88 94 28 8 105 152 50 183 2 28 72 72 16 141 160 143 177 195 123 11 65 139 150 35 132 49 100 140 36 163 26 99 108 153 189 88 13 114 23 143 121 75 177 109 198 31 69 127 172 78 126 63 59 108 17 
131 51 70 27 171 164 1 115 186 111 52 1 44 11 89 81 19 97 146 98 104 39 113 130 164 88 132 103 97 44 83 161 5 87 144 162 66 152 152 49 180 182 74 104 129 4 61 148 75 131 129 170 169 34 160 190 132 95 39 8 126 59 51 96 45 5 71 151 57 76 13 51 57 18 32 1 114 113 135 189 47 127 154 63 52 154 20 160 109 21 31 177 124 1 159 99 125 100 89 130 
103 1 191 158 46 182 120 158 47 107 150 178 141 41 81 116 23 157 21 173 157 108 119 74 20 185 6 109 7 140 162 13 24 160 112 192 141 49 78 184 38 16 185 55 167 196 146 121 72 19 115 114 23 120 194 154 175 86 64 143 196 185 77 84 140 196 78 116 128 151 142 180 147 19 43 191 164 100 135 57 118 183 46 56 189 106 152 48 136 135 110 150 107 34 81 170 105 181 157 194 
80 19 10 176 29 171 190 40 76 192 192 16 120 91 143 128 44 140 1 23 20 45 78 80 147 194 179 189 149 19 47 108 174 112 117 147 189 120 29 85 43 161 192 8 152 138 14 81 147 138 172 86 59 70 21 186 42 177 102 4 5 40 67 53 85 197 25 46 2 16 181 34 170 142 83 126 125 199 29 9 65 74 152 69 116 20 186 11 6 180 174 128 2 158 125 107 190 24 82 197 
123 64 72 170 39 138 110 13 54 71 199 16 174 64 120 184 163 95 50 34 179 50 123 3 188 8 114 129 141 138 150 43 6 94 58 89 181 38 48 125 63 127 2 7 75 153 95 58 177 52 124 193 121 161 167 35 92 108 47 198 136 93 118 193 197 119 152 21 29 49 21 195 162 145 109 54 152 187 98 82 173 125 153 97 4 167 124 86 31 47 92 76 47 182 5 41 59 3 60 123 
160 36 96 122 143 104 179 37 191 193 2 94 189 186 156 170 1 152 118 72 106 36 112 170 124 141 80 114 155 10 109 132 100 85 37 183 128 106 22 196 56 177 59 125 9 89 19 112 132 151 122 80 67 57 107 165 20 80 185 31 34 180 180 20 77 111 35 148 90 161 134 27 121 12 8 65 57 105 112 188 168 133 135 17 177 34 78 21 186 102 71 136 44 148 70 92 9 183 73 25 
114 79 14 16 29 98 127 75 135 156 113 85 157 65 116 146 43 118 171 33 8 147 111 155 2 163 25 79 72 79 81 126 62 81 151 44 159 163 72 80 181 195 87 60 172 11 67 120 88 67 178 158 3 112 143 108 80 132 81 179 61 188 64 4 100 85 175 27 1 102 122 81 166 71 177 67 71 140 18 166 29 83 92 29 176 154 13 7 178 9 183 77 2 130 48 166 131 78 126 150 
78 105 183 85 173 84 66 172 46 116 152 182 171 74 101 48 137 185 45 67 42 188 60 129 116 154 20 45 145 101 87 174 162 123 111 150 158 35 151 2 140 61 8 24 131 188 134 100 27 165 16 157 106 54 117 23 100 19 85 134 10 9 12 172 119 51 157 2 180 27 192 94 30 63 149 132 3 164 119 150 21 193 91 96 188 187 131 125 133 61 137 175 2 123 132 159 176 100 197 73 
185 82 41 79 162 20 65 138 50 93 191 146 28 95 154 42 198 107 23 155 193 191 146 33 4 69 145 93 176 190 149 122 70 90 163 146 96 11 80 2 65 45 92 102 20 33 193 71 172 182 156 195 29 110 145 111 61 35 181 135 159 191 145 20 160 156 4 129 140 110 100 118 139 190 102 18 19 119 2 147 86 126 42 129 199 137 164 143 57 177 163 159 11 26 130 197 24 159 131 14 
16 133 70 96 114 119 197 74 39 27 174 61 55 63 9 110 146 25 172 98 83 168 96 48 146 160 53 123 102 27 136 80 20 163 21 9 191 163 153 84 193 76 180 186 89 179 195 134 198 128 33 179 178 90 162 186 93 51 109 121 198 80 49 79 44 132 172 138 95 185 20 24 134 127 36 35 99 108 56 94 17 73 99 42 119 21 168 138 16 198 82 114 153 175 157 51 76 52 6 137 
103 88 127 177 120 37 9 109 96 193 119 46 119 79 161 73 22 139 146 168 145 105 39 133 152 21 169 114 61 95 146 31 128 182 22 141 134 163 166 87 25 11 71 188 57 121 70 119 48 132 92 43 125 58 169 161 49 56 43 51 177 5 113 83 119 53 24 77 177 144 75 146 93 91 26 83 132 37 22 89 18 130 85 163 78 142 164 72 130 140 1 160 174 129 45 154 48 52 141 36 
29 85 5 163 180 182 165 37 117 57 15 90 186 157 77 196 21 134 45 48 153 81 72 91 174 169 45 51 143 27 69 112 133 137 51 127 73 27 180 96 139 81 42 60 179 171 65 125 66 108 156 138 66 195 55 79 178 69 39 141 11 46 53 56 53 83 191 191 166 140 61 149 106 43 108 89 162 173 149 143 75 152 32 194 182 49 199 10 136 176 3 193 157 79 61 45 71 133 98 185 
113 42 60 170 100 27 62 39 137 95 49 7 29 70 95 163 45 182 174 72 103 177 171 60 75 137 38 92 160 111 106 17 100 113 78 101 194 30 79 74 89 122 197 89 121 26 99 194 127 175 101 126 159 87 90 74 107 53 183 34 68 136 150 14 142 70 191 10 96 17 52 140 114 112 197 105 172 85 24 156 85 35 57 39 164 82 43 33 145 28 37 77 172 39 56 119 104 30 192 150 
73 80 22 40 124 31 110 174 65 135 157 57 142 164 144 57 187 41 156 141 48 81 93 101 132 74 142 106 66 29 63 153 17 141 184 29 51 97 13 97 192 87 49 122 10 84 161 45 65 13 135 92 48 140 119 90 178 101 143 119 117 84 90 178 171 116 25 10 191 118 21 125 152 62 150 68 198 98 29 95 198 149 150 95 175 104 48 163 160 104 37 181 137 173 116 96 96 139 3 53 
32 130 15 129 199 41 77 72 24 173 68 106 65 142 10 157 55 182 67 21 2 2 130 15 68 198 60 96 154 40 61 106 44 82 104 173 13 25 46 176 76 154 17 8 156 15 31 132 184 167 100 57 84 42 183 91 113 76 126 62 168 17 167 166 118 192 126 111 95 165 107 100 195 26 192 44 12 153 93 89 105 196 138 178 72 137 78 161 114 191 1 171 61 52 56 123 37 67 179 149 
93 52 176 151 4 52 189 135 56 126 57 58 78 37 139 113 97 132 122 121 75 34 59 147 185 130 73 10 100 155 82 58 66 95 43 127 99 153 54 68 177 85 186 158 111 183 186 103 48 128 188 148 152 183 153 134 19 61 93 41 37 100 171 121 164 63 43 193 62 161 196 173 51 150 163 127 93 128 17 154 151 104 128 171 22 39 131 43 151 190 28 193 197 157 26 131 94 187 15 96 
146 142 152 162 162 30 26 113 188 155 14 60 122 179 141 26 101 117 120 109 184 169 54 181 42 100 26 137 28 107 95 95 49 88 106 158 96 100 85 188 121 83 181 144 72 172 133 191 48 112 72 48 50 14 137 62 37 95 33 150 153 20 48 127 73 118 109 60 26 23 101 75 72 40 184 142 137 73 193 51 7 128 189 33 198 70 116 167 62 9 57 159 93 74 193 177 53 141 23 96 
91 73 142 122 25 102 49 154 49 85 40 183 150 53 63 156 10 123 18 112 163 21 21 72 82 73 63 59 186 119 196 121 37 170 194 45 100 25 172 38 100 125 199 128 160 87 25 5 17 184 100 191 23 132 77 3 135 36 59 77 192 90 25 158 78 60 67 25 151 165 95 99 64 178 91 183 58 122 154 21 175 49 96 25 137 15 46 66 155 27 82 30 94 19 23 11 16 116 81 53 
184 49 122 18 102 198 33 16 165 138 70 198 32 45 42 3 139 66 186 57 127 161 39 28 85 28 137 40 59 150 117 194 53 78 52 127 158 78 186 50 44 53 149 155 26 141 96 48 32 10 191 144 157 79 36 150 3 118 43 140 131 73 170 61 46 107 50 53 78 44 143 41 155 191 97 52 86 121 45 126 6 40 138 157 72 147 171 164 12 5 140 129 30 194 84 8 46 41 89 95 
181 37 85 183 13 1 173 185 132 173 48 110 31 49 138 80 88 124 85 184 63 182 36 158 1 100 149 109 15 1 120 5 107 35 69 177 136 183 178 153 125 68 83 56 42 75 116 116 145 150 66 197 62 123 74 150 183 23 72 46 166 118 96 39 119 126 138 175 92 197 180 138 181 85 62 149 100 142 153 154 85 23 160 66 45 155 130 50 162 125 66 92 193 8 95 78 69 130 156 89 
199 147 117 144 115 17 148 136 55 8 73 175 82 101 79 62 65 153 66 183 123 49 91 166 32 91 129 43 7 26 74 62 51 166 56 15 32 60 24 64 80 195 67 50 86 56 59 94 75 126 25 10 152 75 60 72 89 114 175 77 193 66 98 24 35 102 29 12 174 156 73 70 108 136 161 129 69 192 45 118 128 35 116 126 81 92 81 11 135 114 141 107 42 90 75 61 152 96 86 90 
165 17 39 163 50 197 173 116 109 51 41 61 197 132 177 4 35 130 96 174 123 2 67 69 3 128 79 171 38 133 150 134 113 7 110 176 195 185 7 30 3 50 117 7 129 171 160 146 121 143 111 120 2 135 78 186 108 194 163 43 85 24 185 47 86 58 119 17 32 86 72 87 59 87 52 99 198 142 199 142 143 58 198 67 4 112 1 88 138 3 4 99 175 182 191 8 88 149 113 67 
133 14 124 74 24 148 126 172 144 68 183 122 112 158 110 14 190 20 77 72 134 76 71 83 155 87 73 133 162 84 12 80 73 56 41 51 152 91 174 42 176 119 110 194 101 51 117 171 30 146 139 178 173 176 35 19 38 197 90 51 154 152 168 167 10 123 161 176 8 66 10 48 79 177 141 58 23 29 79 140 104 56 117 48 76 80 94 81 173 90 126 85 50 98 177 66 42 1 50 190 
58 59 66 24 160 26 9 142 180 83 191 143 134 129 54 163 67 11 168 179 97 118 1 192 161 140 36 46 21 135 159 34 46 116 28 154 152 74 137 66 179 103 111 194 55 167 21 100 192 41 37 144 11 29 140 22 185 162 9 14 63 144 9 95 113 100 19 4 166 2 70 75 109 111 52 140 154 94 181 181 20 174 177 132 143 51 158 60 83 172 100 103 3 104 76 176 82 166 126 58 
181 146 169 37 11 96 149 195 32 181 64 101 40 105 83 159 10 194 191 198 55 79 39 145 120 75 135 33 55 134 120 35 151 170 169 25 78 161 118 36 16 1 168 167 60 19 100 77 110 54 166 55 123 76 116 183 65 172 154 121 7 94 101 3 176 142 31 183 2 11 47 167 40 143 70 160 29 27 52 13 82 171 121 64 118 137 150 89 53 128 76 42 159 120 154 136 11 111 35 133 
75 41 131 142 70 40 89 47 98 129 15 128 24 188 9 130 5 147 88 157 40 152 188 7 69 54 8 58 31 34 45 68 138 71 31 51 108 104 93 138 124 41 86 12 136 148 97 53 160 4 33 115 198 25 79 101 101 83 166 50 113 1 69 38 126 23 159 172 117 167 36 60 181 184 115 154 15 101 97 112 75 127 14 7 103 146 19 15 5 86 109 57 74 85 159 163 80 172 147 38 
69 82 2 21 70 157 165 15 145 27 69 59 69 111 69 129 14 179 93 70 155 176 60 88 114 141 75 50 148 135 138 2 84 113 139 113 17 166 155 40 33 120 136 98 65 119 154 102 54 197 162 69 152 80 180 19 66 145 25 158 12 188 53 84 109 69 176 31 88 140 122 145 73 70 59 35 117 124 53 90 94 179 155 85 10 113 19 28 48 38 194 122 136 20 187 57 183 180 25 42 
103 181 19 196 159 126 142 169 147 162 57 20 67 84 92 126 2 100 83 117 40 66 3 181 92 69 154 129 175 195 76 148 185 41 51 18 176 36 123 170 193 134 168 186 113 21 159 164 20 150 104 143 99 106 156 40 19 101 162 56 174 83 103 182 109 83 117 55 171 100 179 19 41 113 25 99 186 14 152 71 153 74 90 193 175 112 94 29 181 9 2 157 37 126 116 180 153 57 182 196 
130 85 46 46 175 143 190 90 52 27 5 63 88 85 31 155 29 188 39 35 8 114 39 12 112 71 168 41 1 73 63 80 95 138 103 93 165 130 55 60 184 168 12 185 101 93 2 1 11 175 7 8 96 63 144 163 198 181 89 23 18 103 117 63 9 98 146 5 32 96 161 194 2 150 194 26 83 109 17 8 90 37 141 159 191 174 130 83 196 142 53 30 51 50 22 41 189 54 19 191 
121 70 186 184 34 176 1 178 179 133 123 2 33 54 98 75 156 126 94 177 194 139 152 146 150 7 28 190 188 140 25 117 177 125 158 88 92 102 27 56 128 101 180 8 19 38 46 191 175 30 123 142 186 57 192 187 176 74 184 23 155 75 123 56 11 12 51 5 74 53 22 57 73 115 140 129 137 92 73 37 30 180 67 108 165 181 142 102 146 132 86 133 172 116 197 167 66 140 122 70 
155 135 188 170 106 173 168 124 48 61 77 30 105 24 110 81 122 33 9 197 192 122 130 101 9 184 151 76 116 136 89 196 161 196 48 154 116 94 25 133 104 134 76 35 89 123 161 108 66 21 98 183 39 169 101 44 171 87 100 60 16 139 186 171 92 42 65 72 183 138 49 58 136 170 14 96 23 119 147 65 193 35 60 129 195 112 87 79 161 58 106 31 6 1 131 196 67 108 110 48 
157 96 122 176 31 17 31 112 193 104 50 96 165 160 103 133 71 187 34 12 14 116 128 82 57 98 74 129 172 81 155 13 7 188 191 1 104 133 5 106 126 185 32 52 44 167 123 52 19 21 83 150 194 105 14 67 75 31 184 137 136 96 110 21 7 36 11 65 99 22 44 104 133 178 194 162 29 193 77 26 65 70 95 160 42 54 47 100 72 92 146 43 141 151 127 133 32 13 181 183 
190 42 185 18 188 60 36 44 99 123 63 9 124 70 71 149 195 115 35 198 61 60 140 87 156 78 197 150 195 69 55 144 140 125 92 164 166 94 95 100 108 42 187 21 60 42 195 22 35 6 131 24 166 156 103 16 182 31 102 45 38 128 80 54 114 85 98 195 74 192 111 55 171 34 166 168 61 10 106 52 128 119 93 97 118 115 123 21 22 172 29 76 12 173 97 119 63 34 95 129 
116 44 92 138 67 18 50 118 26 137 112 87 147 3 47 127 77 114 77 30 85 164 112 40 27 167 157 139 35 92 85 192 123 25 37 154 50 1 48 152 160 34 95 174 6 140 122 152 195 143 75 192 119 10 103 48 86 134 176 59 57 16 29 37 84 129 156 116 87 49 101 67 175 139 127 26 166 11 198 44 89 107 94 100 18 141 159 45 7 14 74 57 174 18 11 61 25 28 78 46 
176 192 121 122 55 14 28 31 34 170 194 108 108 97 95 187 104 32 131 9 150 47 88 28 23 186 156 7 74 53 106 84 82 188 21 131 39 44 106 156 128 93 12 99 52 50 62 35 155 111 136 35 74 123 94 119 27 81 130 72 124 15 52 29 93 61 76 6 19 186 51 78 64 136 165 50 146 156 58 150 162 197 3 141 161 119 63 184 65 3 64 194 14 19 71 182 125 134 77 105 
94 2 34 78 155 105 170 178 47 137 194 178 150 54 139 161 24 194 6 5 139 56 104 83 185 56 75 103 13 153 101 177 178 123 9 27 78 9 8 64 85 38 45 172 115 74 55 149 126 52 142 151 9 5 98 166 163 38 193 82 88 20 199 133 101 146 106 112 9 186 190 85 132 128 115 62 10 11 148 82 107 3 87 164 32 46 46 115 50 37 142 197 120 126 39 121 161 65 131 183 
101 161 158 141 75 22 106 152 38 198 24 197 142 36 131 75 63 61 33 40 64 40 34 28 5 44 194 113 63 113 23 96 177 167 25 189 82 158 35 116 157 136 130 191 21 140 5 175 60 31 78 68 41 72 75 11 121 14 21 28 65 33 91 45 11 30 186 45 144 173 73 153 193 153 31 183 59 65 196 43 118 100 71 101 138 5 11 81 60 45 153 34 8 149 5 22 185 31 66 8 
4 194 12 168 11 189 35 189 160 2 149 80 94 101 89 117 68 146 23 48 58 87 101 31 56 169 147 20 131 146 126 155 74 135 119 126 133 173 145 99 113 65 40 165 52 139 22 12 147 164 89 20 67 183 1 80 45 176 122 163 43 52 148 4 112 114 103 29 151 115 9 166 6 34 13 190 16 64 21 20 193 34 140 186 144 145 59 134 157 96 66 7 63 102 87 93 128 108 38 85 
151 5 77 180 66 23 18 62 103 61 73 73 171 128 15 193 156 19 169 112 149 123 37 107 46 186 145 12 105 45 164 20 60 103 175 117 44 40 154 63 33 7 58 181 102 10 12 58 68 142 161 135 199 59 168 35 106 1 56 148 79 84 39 10 103 96 9 186 139 148 157 6 24 36 21 82 97 90 56 109 15 168 156 28 15 93 190 89 100 187 192 69 144 37 147 7 11 113 120 145 
110 152 93 119 195 190 117 186 115 154 75 147 39 37 150 190 86 164 162 68 195 4 5 23 187 27 69 70 63 71 107 97 167 146 155 61 96 166 122 90 180 26 160 92 102 136 109 134 41 90 90 169 64 114 17 80 112 73 102 122 176 118 98 166 185 20 23 162 12 24 43 13 194 54 153 158 68 32 67 100 115 33 15 110 162 149 135 140 97 131 108 139 31 178 145 26 86 157 174 125 
46 93 37 76 187 128 148 191 178 172 152 12 61 118 36 102 169 39 110 104 144 52 97 161 112 40 20 65 55 186 52 19 102 98 69 35 190 119 156 22 166 137 139 29 129 151 149 53 22 168 160 12 1 148 9 23 31 91 191 50 59 150 15 146 198 176 51 87 73 156 9 128 100 122 169 37 75 105 38 125 118 123 121 80 51 82 162 102 64 43 100 80 186 139 19 39 169 119 79 190 
167 36 107 57 54 46 79 25 104 93 130 136 154 193 198 150 5 5 184 199 9 128 69 171 117 124 100 150 28 185 130 11 46 71 127 79 185 17 95 156 138 26 55 196 28 141 121 19 34 33 58 35 142 5 93 175 184 187 178 199 121 94 78 170 197 135 130 82 100 120 83 157 197 182 184 22 126 100 171 10 40 111 23 114 195 189 18 165 196 159 67 138 26 39 108 118 20 110 111 186 
88 78 25 130 138 103 70 136 69 102 48 40 47 189 100 174 97 38 65 47 15 198 98 28 17 74 198 81 39 32 135 129 143 27 136 157 12 190 7 24 11 85 141 9 6 32 107 172 59 15 75 96 101 45 44 26 134 185 127 70 140 97 199 102 125 171 70 115 121 130 155 73 198 31 192 199 101 68 67 59 174 39 57 139 48 146 178 100 59 105 172 82 110 174 11 155 184 81 197 144 
180 40 33 186 66 7 100 68 167 41 74 28 66 189 98 133 175 55 89 50 128 96 40 191 195 65 116 183 151 135 158 60 34 20 122 175 21 130 120 82 76 141 165 196 98 173 97 50 96 199 86 72 110 16 68 50 159 98 79 60 133 61 68 42 27 86 136 16 100 71 174 142 123 90 2 77 168 167 43 12 12 27 56 171 181 70 131 60 172 97 47 101 194 26 150 63 35 37 171 42 
14 41 116 124 98 90 159 128 184 92 83 173 93 5 26 18 54 129 192 97 66 99 177 2 188 52 103 191 39 192 193 1 167 46 134 94 76 113 193 115 31 187 64 186 118 12 104 106 115 131 77 170 148 52 53 124 178 141 6 33 42 127 142 66 1 160 94 31 114 149 15 131 188 70 104 147 105 178 113 43 66 134 100 199 76 20 173 125 12 145 44 41 171 161 94 52 12 16 11 46 
